xm = 4.67;
lf = 13.446;
hf = 1.992;
wf = 1.981;
Sf = 18.51;
hf/wf =